0
0
250
250
216
250
500
432
247
747
645
251
998
865
249
1247
1079
248
1495
1292
244
1739
1505
239
1978
1715
230
2208
1918
235
2443
2123
231
2674
2326
218
2892
2519
221
3113
2709
210
3323
2892
209
3532
3073
202
3734
3250
200
3934
3424
198
4132
3596
199
4331
3767
189
4520
3929
181
4701
4091
172
4873
4244
173
5046
4398
165
5211
4544
165
5376
4686
159
5535
4823
151
5686
4956
148
5834
5090
147
5981
5223
142
6123
5355
137
6260
5479
136
6396
5603
134
6530
5722
122
6652
5836
119
6771
5948
112
6883
6053
111
6994
6156
104
7098
6254
103
7201
6350
96
7297
6440
93
7390
6526
93
7483
6612
89
7572
6695
91
7663
6776
86
7749
6856
84
7833
6935
81
7914
7012
83
7997
7088
80
8077
7163
79
8156
7236
78
8234
7309
74
8308
7378
74
8382
7447
71
8453
7513
69
8522
7576
67
8589
7635
61
8650
7688
36
8686
7721
43
8729
7760
38
8767
7793
36
8803
7823
38
8841
7853
44
8885
7887
40
8925
7917
41
8966
7947
41
9007
7977
43
9050
8007
41
9091
8035
43
9134
8064
42
9176
8092
44
9220
8120
44
9264
8148
44
9308
8178
44
9352
8208
42
9394
8236
42
9436
8264
42
9478
8295
40
9518
8325
40
9558
8355
44
9602
8387
42
9644
8418
40
9684
8450
36
9720
8480
34
9754
8508
36
9790
8538
36
9826
8569
32
9858
8598
32
9890
8658
41
9931
8731
63
9994
8780
61
10055
8828
61
10116
8876
66
10182
8928
58
10240
8973
68
10308
9025
69
10377
9080
52
10429
9121
58
10487
9168
51
10538
9208
45
10583
9242
41
10624
9275
47
10671
9313
59
10730
9365
88
10818
9436
83
10901
9500
88
10989
9567
88
11077
9634
82
11159
9697
83
11242
9760
72
11314
9817
74
11388
9874
76
11464
9936
78
11542
9997
70
11612
10054
66
11678
10107
66
11744
10160
67
11811
10210
57
11868
10256
57
11925
10303
57
11982
10349
64
12046
10399
75
12121
10457
77
12198
10518
83
12281
10582
91
12372
10648
87
12459
10713
80
12539
10774
80
12619
10834
77
12696
10896
72
12768
10957
75
12843
11017
70
12913
11072
71
12984
11130
62
13046
11184
62
13108
11239
71
13179
11298
73
13252
11356
69
13321
11411
60
13381
11459
60
13441
11507
56
13497
11553
61
13558
11604
71
13629
11670
55
13684
11717
57
13741
11769
50
13791
11811
44
13835
11849
40
13875
11883
35
13910
11914
37
13947
11947
47
13994
12036
62
14056
12156
82
14138
12225
78
14216
12292
73
14289
12357
76
14365
12423
76
14441
12490
70
14511
12553
68
14579
12614
70
14649
12678
74
14723
12746
77
14800
12816
76
14876
12888
72
14948
12956
68
15016
13088
72
15088
13228
82
15170
13306
86
15256
13388
90
15346
13474
87
15433
13643
83
15516
13722
86
15602
13802
88
15690
13885
87
15777
13968
79
15856
14119
81
15937
14274
98
16035
14361
94
16129
14442
100
16229
14525
98
16327
14611
100
16427
14701
94
16521
14783
90
16611
14862
93
16704
14943
108
16812
15039
101
16913
15130
108
17021
15223
99
17120
15308
100
17220
15391
110
17330
15482
110
17440
15576
110
17550
15670
87
17637
15749
74
17711
15816
72
17783
15884
56
17839
15936
53
17892
15987
51
17943
16038
46
17989
16085
42
18031
16171
38
18069
16249
34
18103
16321
44
18147
16362
53
18200
16413
63
18263
16470
53
18316
16520
48
18364
16566
51
18415
16609
58
18473
16655
58
18531
16702
60
18591
16750
55
18646
16795
53
18699
16838
55
18754
16883
50
18804
16922
58
18862
16963
55
18917
17001
56
18973
17040
55
19028
17079
55
19083
17118
55
19138
17157
53
19191
17194
57
19248
17234
56
19304
17274
57
19361
17317
62
19423
17363
62
19485
17409
63
19548
17456
66
19614
17507
66
19680
17556
93
19773
17637
97
19870
17719
100
19970
17805
97
20067
17890
101
20168
17979
101
20269
18066
104
20373
18154
98
20471
18239
96
20567
18319
92
20659
18394
87
20746
18465
86
20832
18534
97
20929
18611
97
21026
18688
98
21124
18766
97
21221
18844
98
21319
18926
89
21408
18997
93
21501
19070
91
21592
19142
93
21685
19215
91
21776
19287
95
21871
19361
91
21962
19429
88
22050
19497
88
22138
19564
89
22227
19633
89
22316
19702
88
22404
19771
88
22492
19841
85
22577
19911
77
22654
19976
71
22725
20038
75
22800
20099
72
22872
20160
67
22939
20219
66
23005
20276
69
23074
20333
80
23154
20405
96
23250
20487
121
23371
20585
132
23503
20690
127
23630
20796
133
23763
20905
128
23891
21008
123
24014
21106
129
24143
21209
134
24277
21313
136
24413
21418
136
24549
21522
134
24683
21626
136
24819
21732
138
24957
21839
135
25092
21947
133
25225
22051
136
25361
22155
124
25485
22253
136
25621
22362
121
25742
22460
109
25851
22545
113
25964
22633
113
26077
22722
125
26202
22817
124
26326
22911
128
26454
23007
128
26582
23104
127
26709
23199
129
26838
23296
130
26968
23392
127
27095
23487
125
27220
23582
121
27341
23678
114
27455
23769
104
27559
23851
100
27659
23924
99
27758
23995
99
27857
24067
94
27951
24135
97
28048
24208
97
28145
24281
97
28242
24353
97
28339
24424
97
28436
24496
91
28527
24564
98
28625
24635
102
28727
24709
106
28833
24789
101
28934
24865
92
29026
24937
93
29119
25010
87
29206
25083
85
29291
25154
74
29365
25213
67
29432
25266
72
29504
25326
74
29578
25386
75
29653
25446
75
29728
25506
77
29805
25568
77
29882
25630
75
29957
25690
75
30032
25750
80
30112
25814
79
30191
25882
75
30266
25946
74
30340
26009
72
30412
26071
72
30484
26134
71
30555
26196
75
30630
26263
74
30704
26332
73
30777
26399
65
30842
26461
72
30914
26530
78
30992
26605
92
31084
26691
78
31162
26766
74
31236
26839
78
31314
26913
79
31393
26984
72
31465
27050
67
31532
27112
71
31603
27176
73
31676
27239
67
31743
27301
68
31811
27364
72
31883
27430
70
31953
27494
70
32023
27560
70
32093
27625
74
32167
27692
74
32241
27761
72
32313
27830
73
32386
27899
76
32462
27968
73
32535
28036
74
32609
28182
76
32685
28254
75
32760
28326
76
32836
28476
77
32913
28627
84
32997
28705
82
33079
28785
98
33177
28870
99
33276
28952
105
33381
29040
107
33488
29134
105
33593
29227
111
33704
29325
108
33812
29425
108
33920
29526
104
34024
29624
94
34118
29808
100
34218
29905
102
34320
30000
99
34419
30091
96
34515
30182
106
34621
30280
107
34728
30379
105
34833
30478
109
34942
30581
117
35059
30687
121
35180
30795
119
35299
30899
114
35413
30999
112
35525
31097
117
35642
31201
110
35752
31298
103
35855
31392
99
35954
31481
100
36054
31572
99
36153
31664
92
36245
31750
90
36335
31834
89
36424
31914
88
36512
31996
85
36597
32075
82
36679
32152
87
36766
32233
86
36852
32315
88
36940
32398
90
37030
32482
89
37119
32566
89
37208
32650
92
37300
32734
101
37401
32824
96
37497
32912
95
37592
33000
100
37692
33092
98
37790
33183
97
37887
33273
99
37986
33364
103
38089
33457
100
38189
33548
97
38286
33637
96
38382
33722
90
38472
33804
84
38556
33883
74
38630
33954
74
38704
34026
76
38780
34098
85
38865
34176
81
38946
34252
82
39028
34327
81
39109
34401
85
39194
34477
77
39271
34546
75
39346
34615
81
39427
34685
75
39502
34753
80
39582
34824
79
39661
34895
75
39736
34964
75
39811
35032
75
39886
35100
79
39965
35168
71
40036
35305
69
40105
35438
68
40173
35572
61
40234
35693
59
40293
35810
63
40356
35933
66
40422
36061
62
40484
36181
64
40548
36305
59
40607
36420
58
40665
36532
63
40728
36651
61
40789
36766
62
40851
36884
60
40911
36998
58
40969
37108
64
41033
37228
61
41094
37345
57
41151
37454
51
41202
37502
49
41251
37549
52
41303
37597
47
41350
37641
51
41401
37689
50
41451
37736
49
41500
37782
43
41543
37867
46
41589
37957
49
41638
38004
49
41687
38051
47
41734
38096
50
41784
38143
48
41832
38187
48
41880
38232
45
41925
38317
42
41967
38395
40
42007
38432
36
42043
38502
39
42082
38577
35
42117
38644
30
42147
38704
38
42185
38778
36
42221
38846
40
42261
38922
42
42303
38960
42
42345
39040
42
42387
39120
38
42425
39194
41
42466
39273
41
42507
39352
36
42543
39420
37
42580
39491
36
42616
39561
35
42651
39630
37
42688
39703
42
42730
39785
38
42768
39861
40
42808
39941
39
42847
40018
35
42882
40087
36
42918
40157
30
42948
40215
31
42979
40274
30
43009
40332
40
43049
40410
43
43092
40495
45
43137
40584
49
43186
40631
53
43239
40680
52
43291
40727
52
43343
40776
49
43392
40822
67
43459
40885
82
43541
40960
93
43634
41044
95
43729
41128
108
43837
41224
112
43949
41322
112
44061
41421
118
44179
41523
118
44297
41626
118
44415
41728
124
44539
41831
124
44663
41938
137
44800
42051
128
44928
42162
121
45049
42273
121
45170
42383
115
45285
42488
117
45402
42593
119
45521
42698
121
45642
42804
117
45759
42909
117
45876
43014
121
45997
43122
121
46118
43229
115
46233
43338
115
46348
43449
117
46465
43558
117
46582
43669
113
46695
43777
117
46812
43883
115
46927
43986
119
47046
44096
117
47163
44203
119
47282
44312
114
47396
44421
114
47510
44528
116
47626
44637
115
47741
44746
114
47855
44853
114
47969
44960
111
48080
45066
106
48186
45163
104
48290
45261
101
48391
45351
102
48493
45441
98
48591
45530
96
48687
45617
93
48780
45701
94
48874
45785
96
48970
45866
96
49066
45946
96
49162
46020
96
49258
46094
90
49348
46164
86
49434
46232
94
49528
46301
90
49618
46367
94
49712
46433
94
49806
46500
92
49898
46567
99
49997
46636
99
50096
46705
95
50191
46772
95
50286
46838
93
50379
46899
92
50471
46962
90
50561
47022
90
50651
47082
86
50737
47138
84
50821
47193
86
50907
47250
83
50990
47307
84
51074
47364
84
51158
47422
86
51244
47483
84
51328
47544
86
51414
47605
80
51494
47660
80
51574
47712
82
51656
47768
84
51740
47826
84
51824
47885
80
51904
47937
78
51982
47987
78
52060
48037
78
52138
48090
78
52216
48145
76
52292
48197
74
52366
48247
70
52436
48294
72
52508
48343
68
52576
48389
70
52646
48438
74
52720
48491
66
52786
48536
66
52852
48582
68
52920
48630
66
52986
48678
66
53052
48726
66
53118
48773
62
53180
48816
60
53240
48858
60
53300
48901
60
53360
48944
62
53422
48989
60
53482
49033
62
53544
49077
60
53604
49121
58
53662
49164
58
53720
49206
58
53778
49248
56
53834
49289
54
53888
49330
54
53942
49370
56
53998
49412
54
54052
49454
54
54106
49494
53
54159
49535
52
54211
49575
50
54261
49612
50
54311
49650
50
54361
49688
52
54413
49729
50
54463
49769
48
54511
49806
50
54561
49843
50
54611
49881
50
54661
49920
47
54708
49956
48
54756
49994
50
54806
50033
48
54854
50070
50
54904
50108
50
54954
50146
50
55004
50185
50
55054
50224
50
55104
50263
50
55154
50302
50
55204
50342
49
55253
50380
49
55302
50418
49
55351
50456
49
55400
50495
49
55449
50533
47
55496
50570
49
55545
50610
50
55595
50650
50
55645
50690
48
55693
50728
46
55739
50765
48
55787
50804
48
55835
50842
51
55886
50881
51
55937
50921
49
55986
50959
49
56035
50999
49
56084
51039
49
56133
51081
45
56178
51119
45
56223
51158
49
56272
51198
49
56321
51239
51
56372
51282
49
56421
51324
51
56472
51367
50
56522
51411
51
56573
51454
52
56625
51501
50
56675
51548
50
56725
51593
53
56778
51643
53
56831
51691
54
56885
51739
59
56944
51790
63
57007
51842
69
57076
51901
68
57144
51960
70
57214
52023
72
57286
52087
68
57354
52147
68
57422
52208
75
57497
52269
80
57577
52338
88
57665
52410
92
57757
52490
99
57856
52573
102
57958
52660
105
58063
52747
112
58175
52840
119
58294
52934
121
58415
53029
129
58544
53127
126
58670
53227
127
58797
53327
131
58928
53430
145
59073
53536
137
59210
53642
140
59350
53747
142
59492
53848
149
59641
53952
157
59798
54060
172
59970
54178
160
60130
54285
162
60292
54393
156
60448
54497
157
60605
54600
161
60766
54708
161
60927
54815
161
61088
54920
153
61241
55021
150
61391
55124
145
61536
55221
137
61673
55314
136
61809
55405
133
61942
55493
136
62078
55579
135
62213
55667
136
62349
55753
139
62488
55843
140
62628
55933
130
62758
56020
124
62882
56104
126
63008
56188
123
63131
56272
119
63250
56354
113
63363
56433
110
63473
56509
109
63582
56584
106
63688
56657
103
63791
56728
104
63895
56803
101
63996
56876
102
64098
56949
102
64200
57022
101
64301
57094
96
64397
57164
92
64489
57230
87
64576
57293
85
64661
57355
88
64749
57420
88
64837
57485
89
64926
57551
82
65008
57613
82
65090
57676
69
65159
57732
69
65228
57789
65
65293
57842
59
65352
57891
59
65411
57939
57
65468
57985
59
65527
58032
59
65586
58081
59
65645
58130
53
65698
58174
51
65749
58216
51
65800
58257
50
65850
58297
46
65896
58338
46
65942
58379
43
65985
58417
39
66024
58494
37
66061
58567
31
66092
58628
29
66121
58685
30
66151
58743
25
66176
58792
24
66200
58838
25
66225
58887
23
66248
58932
23
66271
58977
23
66294
59022
24
66318
59068
24
66342
59114
23
66365
59159
21
66386
59200
19
66405
59237
19
66424
59274
19
66443
59311
19
66462
59348
19
66481
59385
19
66500
59422
19
66519
59459
19
66538
59496
19
66557
59533
23
66580
59578
29
66609
59635
32
66641
59697
38
66679
59771
42
66721
59810
40
66761
59886
42
66803
59924
40
66843
59960
40
66883
59996
40
66923
60033
40
66963
60070
40
67003
60107
40
67043
60144
40
67083
60181
40
67123
60218
40
67163
60255
40
67203
60292
40
67243
60329
40
67283
60366
40
67323
60403
40
67363
60440
40
67403
60477
40
67443
60514
40
67483
60551
40
67523
60588
40
67563
60625
40
67603
60662
38
67641
60734
40
67681
60771
40
67721
60808
40
67761
60845
40
67801
60882
40
67841
60919
40
67881
60956
40
67921
60993
40
67961
61029
40
68001
61066
38
68039
61138
42
68081
61176
42
68123
61214
42
68165
61252
42
68207
61290
42
68249
61328
42
68291
61366
42
68333
61404
42
68375
61442
40
68415
61518
40
68455
61594
40
68495
61670
42
68537
61708
40
68577
61784
40
68617
61860
40
68657
61936
40
68697
62012
42
68739
62050
42
68781
62088
42
68823
62126
42
68865
62164
42
68907
62202
42
68949
62240
42
68991
62278
42
69033
62316
42
69075
62354
42
69117
62392
42
69159
62430
42
69201
62468
42
69243
62506
40
69283
62582
40
69323
62658
40
69363
62734
40
69403
62810
42
69445
62849
42
69487
62929
40
69527
63005
40
69567
63081
42
69609
63161
40
69649
63237
40
69689
63313
40
69729
63389
36
69765
63457
38
69803
63529
34
69837
63593
36
69873
63661
34
69907
63725
32
69939
63785
34
69973
63849
32
70005
63909
32
70037
63969
34
70071
64033
34
70105
64097
34
70139
64161
34
70173
64225
34
70207
64289
34
70241
64353
34
70275
64417
34
70309
64481
34
70343
64545
34
70377
64609
32
70409
64669
34
70443
64733
34
70477
64797
34
70511
64861
34
70545
64925
32
70577
64985
34
70611
65049
34
70645
65113
34
70679
65177
34
70713
65241
34
70747
65305
34
70781
65369
34
70815
65433
34
70849
65497
36
70885
65565
36
70921
65633
36
70957
65701
36
70993
65769
38
71031
65841
38
71069
65913
38
71107
65985
40
71147
66061
42
71189
66141
42
71231
66221
50
71281
66317
54
71335
66421
61
71396
66476
63
71459
66532
64
71523
66589
68
71591
66646
68
71659
66703
66
71725
66760
71
71796
66823
71
71867
66886
69
71936
66946
73
72009
67009
71
72080
67069
71
72151
67129
72
72223
67189
72
72295
67249
67
72362
67305
69
72431
67361
68
72499
67415
68
72567
67469
68
72635
67523
68
72703
67577
68
72771
67631
70
72841
67687
68
72909
67741
70
72979
67797
70
73049
67853
70
73119
67909
72
73191
67967
72
73263
68026
72
73335
68085
74
73409
68146
76
73485
68207
78
73563
68271
86
73649
68339
90
73739
68411
90
73829
68484
90
73919
68558
88
74007
68632
83
74090
68701
84
74174
68771
82
74256
68841
78
74334
68907
78
74412
68974
77
74489
69040
78
74567
69110
75
74642
69177
69
74711
69239
71
74782
69302
67
74849
69361
67
74916
69420
66
74982
69477
72
75054
69535
82
75136
69603
84
75220
69672
84
75304
69741
84
75388
69811
84
75472
69881
84
75556
69951
86
75642
70023
86
75728
70095
86
75814
70166
90
75904
70241
86
75990
70312
90
76080
70387
88
76168
70460
90
76258
70535
90
76348
70610
90
76438
70685
90
76528
70761
94
76622
70839
94
76716
70918
94
76810
70996
100
76910
71078
104
77014
71162
100
77114
71245
104
77218
71328
108
77326
71413
106
77432
71497
102
77534
71581
100
77634
71664
100
77734
71746
98
77832
71827
98
77930
71907
94
78024
71984
94
78118
72061
93
78211
72138
90
78301
72211
89
78390
72282
91
78481
72356
89
78570
72427
86
78656
72497
88
78744
72569
88
78832
72641
86
78918
72712
80
78998
72778
81
79079
72844
81
79160
72910
81
79241
72976
81
79322
73042
78
79400
73105
78
79478
73167
76
79554
73227
76
79630
73288
76
79706
73349
76
79782
73410
76
79858
73471
76
79934
73531
76
80010
73593
76
80086
73655
78
80164
73718
80
80244
73783
80
80324
73848
80
80404
73913
82
80486
73978
80
80566
74041
80
80646
74105
80
80726
74170
78
80804
74234
72
80876
74295
70
80946
74357
68
81014
74418
68
81082
74479
66
81148
74537
66
81214
74596
64
81278
74655
63
81341
74712
57
81398
74765
56
81454
74816
56
81510
74868
51
81561
74914
52
81613
74957
52
81665
75000
54
81719
75044
56
81775
75089
56
81831
75134
58
81889
75180
58
81947
75226
60
82007
75272
62
82069
75319
62
82131
75366
64
82195
75417
66
82261
75469
66
82327
75521
66
82393
75573
66
82459
75625
68
82527
75679
68
82595
75733
68
82663
75788
68
82731
75843
68
82799
75899
68
82867
75955
72
82939
76015
72
83011
76076
72
83083
76138
78
83161
76210
83
83244
76284
84
83328
76360
90
83418
76443
93
83511
76524
89
83600
76605
87
83687
76682
81
83768
76755
81
83849
76830
86
83935
76907
86
84021
76988
80
84101
77062
76
84177
77134
78
84255
77207
76
84331
77277
76
84407
77346
74
84481
77415
74
84555
77480
73
84628
77544
74
84702
77608
72
84774
77669
70
84844
77730
74
84918
77792
70
84988
77851
70
85058
77910
72
85130
77972
68
85198
78032
70
85268
78092
70
85338
78152
68
85406
78210
68
85474
78268
72
85546
78329
68
85614
78388
74
85688
78449
74
85762
78511
74
85836
78572
74
85910
78633
72
85982
78693
74
86056
78753
76
86132
78814
76
86208
78876
76
86284
78938
76
86360
79000
78
86438
79065
78
86516
79130
78
86594
79196
78
86672
79262
78
86750
79328
76
86826
79394
76
86902
79458
74
86976
79521
72
87048
79583
76
87124
79648
76
87200
79715
72
87272
79776
76
87348
79845
74
87422
79913
69
87491
80042
76
87567
80112
73
87640
80178
67
87707
80239
73
87780
80305
71
87851
80438
69
87920
80567
67
87987
80694
61
88048
80809
60
88108
80923
53
88161
81024
53
88214
81125
47
88261
81214
49
88310
81307
49
88359
81400
51
88410
81497
45
88455
81584
47
88502
81675
45
88547
81760
47
88594
81849
43
88637
81932
45
88682
82019
45
88727
82106
43
88770
82189
46
88816
82277
43
88859
82360
43
88902
82443
42
88944
82523
42
88986
82603
44
89030
82687
44
89074
82771
44
89118
82855
46
89164
82943
44
89208
83027
46
89254
83115
46
89300
83203
48
89348
83295
48
89396
83387
54
89450
83491
54
89504
83595
58
89562
83649
60
89622
83705
66
89688
83764
66
89754
83822
72
89826
83882
74
89900
83942
74
89974
84002
76
90050
84063
78
90128
84126
78
90206
84189
80
90286
84254
84
90370
84321
88
90458
84391
88
90546
84461
87
90633
84535
81
90714
84599
82
90796
84663
88
90884
84727
88
90972
84791
88
91060
84855
85
91145
84918
84
91229
84984
80
91309
85047
78
91387
85108
82
91469
85171
88
91557
85237
88
91645
85304
90
91735
85372
97
91832
85446
92
91924
85516
88
92012
85583
94
92106
85652
96
92202
85725
96
92298
85795
96
92394
85865
100
92494
85940
98
92592
86011
100
92692
86085
94
92786
86154
96
92882
86227
104
92986
86303
98
93084
86376
98
93182
86449
98
93280
86523
96
93376
86595
100
93476
86667
100
93576
86739
94
93670
86808
96
93766
86878
98
93864
86949
98
93962
87020
96
94058
87091
98
94156
87163
98
94254
87236
94
94348
87308
88
94436
87376
92
94528
87448
94
94622
87519
92
94714
87590
94
94808
87662
98
94906
87735
98
95004
87808
96
95100
87883
100
95200
87958
102
95302
88032
100
95402
88107
106
95508
88186
110
95618
88267
113
95731
88351
114
95845
88435
124
95969
88532
128
96097
88633
142
96239
88742
152
96391
88854
159
96550
88967
156
96706
89075
163
96869
89186
166
97035
89298
165
97200
89412
165
97365
89525
164
97529
89636
166
97695
89749
161
97856
89858
150
98006
89961
154
98160
90065
152
98312
90168
150
98462
90270
152
98614
90373
148
98762
90476
142
98904
90573
146
99050
90674
146
99196
90775
145
99341
90873
140
99481
90969
142
99623
91068
138
99761
91164
138
99899
91260
140
100039
91357
138
100177
91456
130
100307
91549
130
100437
91642
128
100565
91733
130
100695
91825
134
100829
91921
131
100960
92015
128
101088
92107
124
101212
92195
120
101332
92281
122
101454
92369
124
101578
92459
124
101702
92550
124
101826
92641
122
101948
92735
120
102068
92827
122
102190
92921
116
102306
93009
122
102428
93103
122
102550
93197
122
102672
93291
118
102790
93383
120
102910
93475
120
103030
93567
117
103147
93657
116
103263
93745
115
103378
93833
110
103488
93919
108
103596
94006
107
103703
94092
108
103811
94179
110
103921
94268
106
104027
94353
107
104134
94439
107
104241
94527
106
104347
94614
98
104445
94696
98
104543
94775
92
104635
94855
72
104707
94919
64
104771
94978
64
104835
95036
53
104888
95141
51
104939
95242
51
104990
95343
46
105036
95433
46
105082
95523
46
105128
95613
46
105174
95703
41
105215
95782
37
105252
95853
36
105288
95923
32
105320
95987
29
105349
96044
27
105376
96097
29
105405
96154
29
105434
96211
25
105459
96260
27
105486
96313
26
105512
96365
26
105538
96417
26
105564
96469
26
105590
96521
26
105616
96573
26
105642
96625
26
105668
96677
26
105694
96729
27
105721
96782
26
105747
96834
30
105777
96894
29
105806
96951
20
105826
96991
18
105844
97027
18
105862
97063
20
105882
97101
20
105902
97139
23
105925
97184
27
105952
97237
34
105986
97268
38
106024
97299
40
106064
97331
38
106102
97361
36
106138
97391
36
106174
97421
34
106208
97449
34
106242
97477
32
106274
97504
32
106306
97531
28
106334
97555
28
106362
97579
28
106390
97603
38
106428
97633
36
106464
97662
38
106502
97692
38
106540
97722
38
106578
97752
38
106616
97782
38
106654
97812
36
106690
97840
36
106726
97868
36
106762
97896
38
106800
97926
38
106838
97956
40
106878
97987
48
106926
98022
48
106974
98057
50
107024
98094
48
107072
98130
50
107122
98167
58
107180
98210
62
107242
98254
62
107304
98298
62
107366
98342
62
107428
98386
58
107486
98428
56
107542
98468
52
107594
98506
54
107648
98545
54
107702
98584
52
107754
98622
50
107804
98659
50
107854
98696
50
107904
98733
46
107950
98768
42
107992
98800
42
108034
98832
42
108076
98864
42
108118
98896
40
108158
98927
40
108198
98958
40
108238
98989
42
108280
99021
42
108322
99054
42
108364
99087
42
108406
99120
44
108450
99155
44
108494
99190
46
108540
99226
46
108586
99262
50
108636
99298
50
108686
99335
52
108738
99373
52
108790
99411
53
108843
99449
54
108897
99488
54
108951
99527
54
109005
99566
54
109059
99605
54
109113
99644
58
109171
99686
60
109231
99730
60
109291
99774
60
109351
99818
62
109413
99862
66
109479
99909
68
109547
99958
72
109619
100008
74
109693
100060
81
109774
100116
81
109855
100172
82
109937
100230
82
110019
100288
82
110101
100346
82
110183
100404
82
110265
100462
83
110348
100522
88
110436
100588
93
110529
100656
87
110616
100723
86
110702
100789
85
110787
100854
85
110872
100920
89
110961
100992
89
111050
101064
91
111141
101138
92
111233
101211
93
111326
101283
92
111418
101356
96
111514
101432
101
111615
101513
104
111719
101595
103
111822
101678
107
111929
101762
109
112038
101847
112
112150
101934
111
112261
102024
111
112372
102114
118
112490
102209
118
112608
102304
118
112726
102399
119
112845
102497
119
112964
102594
119
113083
102691
121
113204
102789
124
113328
102889
127
113455
102992
130
113585
103094
129
113714
103195
127
113841
103296
129
113970
103396
129
114099
103497
133
114232
103600
135
114367
103707
136
114503
103814
134
114637
103919
137
114774
104028
135
114909
104137
142
115051
104252
142
115193
104369
141
115334
104484
140
115474
104596
138
115612
104711
140
115752
104825
144
115896
104939
145
116041
105055
143
116184
105171
145
116329
105286
148
116477
105402
162
116639
105527
163
116802
105653
164
116966
105776
162
117128
105898
168
117296
106025
168
117464
106153
164
117628
106277
164
117792
106402
164
117956
106526
164
118120
106652
166
118286
106777
167
118453
106905
165
118618
107033
169
118787
107162
163
118950
107289
155
119105
107410
160
119265
107535
159
119424
107659
158
119582
107781
157
119739
107903
162
119901
108035
157
120058
108161
156
120214
108289
162
120376
108422
160
120536
108549
164
120700
108680
160
120860
108812
154
121014
108936
151
121165
109056
152
121317
109178
156
121473
109302
154
121627
109425
154
121781
109548
159
121940
109676
155
122095
109800
160
122255
109929
156
122411
110054
160
122571
110183
152
122723
110300
154
122877
110420
156
123033
110543
156
123189
110668
158
123347
110796
156
123503
110918
156
123659
111038
154
123813
111159
158
123971
111281
156
124127
111401
156
124283
111522
150
124433
111633
156
124589
111753
162
124751
111880
156
124907
112005
152
125059
112121
150
125209
112237
152
125361
112360
148
125509
112475
146
125655
112591
144
125799
112706
142
125941
112819
146
126087
112936
140
126227
113048
144
126371
113163
144
126515
113276
142
126657
113386
142
126799
113497
142
126941
113608
142
127083
113719
142
127225
113830
146
127371
113947
143
127514
114059
147
127661
114177
146
127807
114296
141
127948
114413
141
128089
114534
137
128226
114650
135
128361
114762
139
128500
114879
133
128633
114991
139
128772
115109
135
128907
115226
136
129043
115341
130
129173
115449
128
129301
115557
132
129433
115665
135
129568
115779
129
129697
115892
129
129826
116002
127
129953
116108
127
130080
116216
124
130204
116324
122
130326
116432
121
130447
116538
116
130563
116643
115
130678
116747
119
130797
116850
113
130910
116951
113
131023
117051
117
131140
117155
99
131239
117246
99
131338
117337
97
131435
117424
93
131528
117507
87
131615
117587
92
131707
117676
90
131797
117764
90
131887
117942
76
131963
118092
86
132049
118262
80
132129
118422
70
132199
118562
90
132289
118742
84
132373
118910
90
132463
119090
98
132561
119286
102
132663
119490
114
132777
119718
112
132889
119942
109
132998
120159
108
133106
120373
106
133212
120583
106
133318
120793
102
133420
120997
104
133524
121203
125
133649
121452
184
133833
121816
194
134027
122198
191
134218
122573
205
134423
122970
217
134640
123393
213
134853
123808
213
135066
124221
216
135282
124639
204
135486
125035
201
135687
125428
203
135890
125825
204
136094
126221
204
136298
126619
203
136501
127016
188
136689
127390
188
136877
127768
185
137062
128139
186
137248
128505
186
137434
128871
184
137618
129231
179
137797
129584
172
137969
129926
159
138128
130245
160
138288
130567
155
138443
130880
154
138597
131186
138
138735
131464
144
138879
131752
138
139017
132028
138
139155
132302
134
139289
132566
132
139421
132824
131
139552
133079
130
139682
133333
134
139816
133595
132
139948
133855
144
140092
134141
137
140229
134414
135
140364
134677
132
140496
134935
125
140621
135178
109
140730
135389
104
140834
135589
106
140940
135793
102
141042
135993
103
141145
136194
104
141249
136396
102
141351
136594
102
141453
136792
105
141558
136995
105
141663
137198
103
141766
137399
112
141878
137617
118
141996
137847
139
142135
138116
145
142280
138399
140
142420
138673
144
142564
138953
141
142705
139232
136
142841
139500
112
142953
139724
113
143066
139945
102
143168
140145
98
143266
140339
99
143365
140534
99
143464
140729
99
143563
140924
99
143662
141119
97
143759
141312
96
143855
141502
94
143949
141686
93
144042
141869
92
144134
142049
93
144227
142230
94
144321
142412
92
144413
142592
94
144507
142774
93
144600
142955
93
144693
143136
95
144788
143321
95
144883
143506
120
145003
143738
132
145135
143994
132
145267
144250
134
145401
144510
131
145532
144765
136
145668
145029
136
145804
145293
133
145937
145552
133
146070
145811
131
146201
146068
129
146330
146321
133
146463
146584
125
146588
146833
126
146714
147083
120
146834
147319
116
146950
147545
93
147043
147726
93
147136
147907
88
147224
148079
90
147314
148255
83
147397
148418
74
147471
148564
74
147545
148710
71
147616
148849
74
147690
148993
74
147764
149137
70
147834
149273
74
147908
149415
71
147979
149552
73
148052
149693
68
148120
149827
64
148184
149953
58
148242
150067
56
148298
150177
54
148352
150283
53
148405
150384
48
148453
150476
47
148500
150567
45
148545
150654
45
148590
150739
43
148633
150820
42
148675
150900
41
148716
150979
41
148757
151058
40
148797
151134
40
148837
151210
38
148875
151284
36
148911
151356
36
148947
151428
36
148983
151500
35
149018
151569
34
149052
151637
40
149092
151717
43
149135
151800
56
149191
151906
60
149251
152020
57
149308
152127
56
149364
152231
50
149414
152325
45
149459
152410
40
149499
152488
32
149531
152548
27
149558
152599
29
149587
152652
32
149619
152712
34
149653
152776
36
149689
152844
39
149728
152919
39
149767
152994
63
149830
153117
62
149892
153239
61
149953
153360
61
150014
153481
63
150077
153604
60
150137
153722
61
150198
153841
62
150260
153963
68
150328
154097
71
150399
154240
74
150473
154388
76
150549
154538
71
150620
154679
71
150691
154820
65
150756
154947
63
150819
155072
56
150875
155180
46
150921
155268
43
150964
155351
40
151004
155427
34
151038
155493
26
151064
155541
28
151092
155591
26
151118
155639
21
151139
155678
21
151160
155717
22
151182
155753
11
151193
155772
7
151200
155785
7
151207
155798
6
151213
155808
2
151215
155812
2
